residue_number,residue_name,atom_number,atom_name,chain_id,x_coord,y_coord,z_coord
38,GLU,550,N,A,7.571,12.241,-2.002
38,GLU,551,CA,A,6.959,12.814,-0.808
38,GLU,552,C,A,8.025,13.273,0.183
38,GLU,560,HA,A,6.376,13.67,-1.113
39,LYS,565,N,A,7.923,14.526,0.614
39,LYS,566,CA,A,8.876,15.088,1.563
39,LYS,567,C,A,8.318,15.051,2.982
39,LYS,574,H,A,7.188,15.085,0.287
39,LYS,575,HA,A,9.774,14.49,1.526
40,LEU,587,N,A,8.868,14.165,3.806
40,LEU,588,CA,A,8.426,14.03,5.19
40,LEU,589,C,A,9.549,14.388,6.158
40,LEU,595,H,A,9.588,13.589,3.477
40,LEU,596,HA,A,7.604,14.713,5.343
41,SER,606,N,A,10.663,13.67,6.055
41,SER,607,CA,A,11.811,13.91,6.922
41,SER,608,C,A,12.274,15.36,6.82
41,SER,612,H,A,10.713,12.96,5.38
41,SER,613,HA,A,11.505,13.713,7.939
