residue_number,residue_name,atom_number,atom_name,chain_id,x_coord,y_coord,z_coord
19,THR,233,N,A,7.063,-0.586,-11.669
19,THR,234,CA,A,6.418,0.746,-11.636
19,THR,235,C,A,4.96,0.706,-11.196
19,THR,241,HA,A,6.915,1.363,-10.89
20,LYS,247,N,A,4.175,-0.269,-11.665
20,LYS,248,CA,A,2.833,-0.541,-11.131
20,LYS,249,C,A,2.939,-1.413,-9.866
20,LYS,256,H,A,4.557,-0.908,-12.348
20,LYS,257,HA,A,2.355,0.398,-10.849
21,PHE,269,N,A,2.123,-1.134,-8.847
21,PHE,270,CA,A,2.064,-1.915,-7.605
21,PHE,271,C,A,0.61,-2.156,-7.192
21,PHE,280,H,A,1.536,-0.31,-8.917
21,PHE,281,HA,A,2.53,-2.889,-7.758
22,LYS,289,N,A,0.225,-3.424,-7.019
22,LYS,290,CA,A,-1.104,-3.797,-6.521
22,LYS,291,C,A,-1.263,-3.341,-5.06
22,LYS,298,H,A,0.907,-4.16,-7.136
22,LYS,299,HA,A,-1.864,-3.285,-7.114
23,VAL,311,N,A,-2.355,-2.64,-4.755
23,VAL,312,CA,A,-2.62,-2.05,-3.427
23,VAL,313,C,A,-4.073,-2.248,-2.984
23,VAL,318,H,A,-3.023,-2.461,-5.506
23,VAL,319,HA,A,-2.003,-2.57,-2.697
24,THR,327,N,A,-4.306,-2.222,-1.666
24,THR,328,CA,A,-5.64,-2.334,-1.052
24,THR,329,C,A,-5.763,-1.314,0.069
24,THR,334,H,A,-3.503,-2.184,-1.047
24,THR,335,HA,A,-6.401,-2.108,-1.794
25,ASN,341,N,A,-6.651,-0.332,-0.084
25,ASN,342,CA,A,-6.877,0.723,0.912
25,ASN,343,C,A,-7.5,0.147,2.199
25,ASN,349,H,A,-7.256,-0.355,-0.896
25,ASN,350,HA,A,-5.912,1.163,1.162
26,VAL,355,N,A,-7.086,0.639,3.374
26,VAL,356,CA,A,-7.545,0.12,4.679
26,VAL,357,C,A,-8.033,1.212,5.638
26,VAL,362,H,A,-6.377,1.372,3.369
26,VAL,363,HA,A,-8.404,-0.517,4.493
27,ASP,371,N,A,-8.898,0.813,6.577
27,ASP,372,CA,A,-9.36,1.64,7.698
27,ASP,373,C,A,-8.403,1.612,8.913
27,ASP,379,H,A,-9.176,-0.162,6.584
27,ASP,380,HA,A,-9.398,2.673,7.357
28,ASP,383,N,A,-8.815,2.231,10.023
28,ASP,384,CA,A,-8.027,2.341,11.263
28,ASP,385,C,A,-7.911,1.044,12.086
28,ASP,391,H,A,-9.732,2.655,10.023
28,ASP,392,HA,A,-7.007,2.598,10.974
29,GLU,395,N,A,-8.657,0.022,11.675
29,GLU,396,CA,A,-8.576,-1.371,12.14
29,GLU,397,C,A,-7.804,-2.281,11.154
29,GLU,404,H,A,-9.276,0.241,10.907
29,GLU,405,HA,A,-8.03,-1.403,13.083
