residue_number,residue_name,atom_number,atom_name,chain_id,x_coord,y_coord,z_coord
30,CYS,15,N,A,14.984,-34.865,11.264
30,CYS,16,CA,A,13.609,-35.369,11.141
30,CYS,17,C,A,13.442,-36.558,12.092
30,CYS,22,HA,A,12.919,-34.588,11.429
31,MET,25,N,A,14.553,-36.94,12.709
31,MET,26,CA,A,14.605,-38.003,13.735
31,MET,27,C,A,13.651,-37.703,14.922
31,MET,33,H,A,15.377,-36.454,12.501
31,MET,34,HA,A,14.3,-38.892,13.202
32,LEU,42,N,A,12.762,-36.727,14.728
32,LEU,43,CA,A,11.855,-36.323,15.773
32,LEU,44,C,A,10.843,-37.44,16.03
32,LEU,50,H,A,12.718,-36.403,13.844
32,LEU,51,HA,A,12.526,-36.109,16.591
33,GLU,61,N,A,10.359,-38.037,14.922
33,GLU,62,CA,A,9.356,-39.113,14.91
33,GLU,63,C,A,9.865,-40.516,15.266
33,GLU,70,H,A,10.635,-37.765,14.022
33,GLU,71,HA,A,8.856,-38.921,15.839
34,THR,76,N,A,9.501,-41.547,14.484
34,THR,77,CA,A,9.932,-42.92,14.754
34,THR,78,C,A,11.006,-43.334,13.736
34,THR,83,H,A,9.134,-41.403,13.585
34,THR,84,HA,A,10.32,-42.979,15.759
35,GLU,90,N,A,11.851,-44.299,14.094
35,GLU,91,CA,A,12.939,-44.729,13.2
35,GLU,92,C,A,12.473,-45.629,12.03
35,GLU,99,H,A,11.769,-44.7,14.984
35,GLU,100,HA,A,13.409,-43.841,12.807
36,THR,105,N,A,11.787,-46.732,12.35
36,THR,106,CA,A,11.327,-47.695,11.324
36,THR,107,C,A,10.797,-47.006,10.062
36,THR,112,H,A,11.613,-46.92,13.294
36,THR,113,HA,A,12.162,-48.32,11.044
37,LEU,119,N,A,9.863,-46.093,10.255
37,LEU,120,CA,A,9.32,-45.345,9.119
37,LEU,121,C,A,8.966,-46.295,7.962
37,LEU,127,H,A,9.618,-45.926,11.187
37,LEU,128,HA,A,8.428,-44.837,9.43
38,ASN,138,N,A,8.121,-47.289,8.232
38,ASN,139,CA,A,7.772,-48.3,7.221
38,ASN,140,C,A,7.409,-47.671,5.866
38,ASN,146,H,A,7.768,-47.375,9.143
38,ASN,147,HA,A,8.61,-48.963,7.087
39,LYS,152,N,A,6.733,-46.541,5.876
39,LYS,153,CA,A,6.434,-45.946,4.568
39,LYS,154,C,A,7.776,-45.718,3.86
39,LYS,161,H,A,6.522,-46.192,6.766
39,LYS,162,HA,A,5.886,-46.577,3.88
40,TYR,174,N,A,8.716,-45.015,4.472
40,TYR,175,CA,A,9.944,-44.682,3.736
40,TYR,176,C,A,10.728,-45.906,3.253
40,TYR,186,H,A,8.411,-44.447,5.211
40,TYR,187,HA,A,9.67,-44.094,2.875
41,VAL,195,N,A,10.743,-47.005,3.996
41,VAL,196,CA,A,11.49,-48.171,3.517
41,VAL,197,C,A,10.915,-48.624,2.178
41,VAL,202,H,A,10.265,-47.033,4.847
41,VAL,203,HA,A,12.505,-47.85,3.336
42,VAL,211,N,A,9.591,-48.608,2.061
42,VAL,212,CA,A,9.025,-49.13,0.823
42,VAL,213,C,A,9.69,-48.335,-0.294
42,VAL,218,H,A,9.1,-48.392,2.88
42,VAL,219,HA,A,9.264,-50.18,0.72
43,ILE,227,N,A,9.759,-47.012,-0.17
43,ILE,228,CA,A,10.43,-46.185,-1.167
43,ILE,229,C,A,11.866,-46.635,-1.383
43,ILE,235,H,A,9.276,-46.522,0.528
43,ILE,236,HA,A,10.003,-46.253,-2.145
44,ILE,246,N,A,12.621,-46.973,-0.353
44,ILE,247,CA,A,13.977,-47.428,-0.644
44,ILE,248,C,A,13.843,-48.601,-1.609
44,ILE,254,H,A,12.259,-46.944,0.557
44,ILE,255,HA,A,14.501,-46.649,-1.18
45,ALA,265,N,A,12.947,-49.524,-1.301
45,ALA,266,CA,A,12.768,-50.682,-2.168
45,ALA,267,C,A,12.569,-50.182,-3.604
45,ALA,270,H,A,12.496,-49.457,-0.435
45,ALA,271,HA,A,13.648,-51.304,-2.122
46,TYR,275,N,A,11.728,-49.164,-3.781
46,TYR,276,CA,A,11.584,-48.574,-5.117
46,TYR,277,C,A,12.932,-48.0,-5.536
46,TYR,287,H,A,11.297,-48.786,-2.986
46,TYR,288,HA,A,11.312,-49.202,-5.949
47,ALA,296,N,A,13.606,-47.251,-4.685
47,ALA,297,CA,A,14.775,-46.578,-5.248
47,ALA,298,C,A,15.703,-47.629,-5.863
47,ALA,301,H,A,13.04,-46.899,-3.976
47,ALA,302,HA,A,14.455,-45.892,-6.019
48,LEU,306,N,A,15.945,-48.747,-5.191
48,LEU,307,CA,A,16.76,-49.794,-5.809
48,LEU,308,C,A,16.0,-50.422,-6.981
48,LEU,314,H,A,15.62,-48.858,-4.273
48,LEU,315,HA,A,17.608,-49.351,-6.302
49,VAL,325,N,A,14.705,-50.67,-6.838
49,VAL,326,CA,A,13.974,-51.255,-7.967
49,VAL,327,C,A,14.189,-50.346,-9.179
49,VAL,332,H,A,14.277,-50.48,-5.977
49,VAL,333,HA,A,14.409,-52.206,-8.242
50,PHE,341,N,A,14.041,-49.045,-9.007
50,PHE,342,CA,A,14.262,-48.068,-10.07
50,PHE,343,C,A,15.746,-47.859,-10.368
50,PHE,352,H,A,13.756,-48.68,-8.153
50,PHE,353,HA,A,13.872,-48.386,-11.02
51,LEU,361,N,A,16.65,-48.03,-9.406
51,LEU,362,CA,A,18.048,-47.792,-9.739
51,LEU,363,C,A,18.415,-48.67,-10.939
51,LEU,369,H,A,16.388,-48.284,-8.498
51,LEU,370,HA,A,18.171,-46.757,-9.987
52,LEU,380,N,A,17.961,-49.897,-10.898
52,LEU,381,CA,A,18.48,-50.811,-11.906
52,LEU,382,C,A,18.171,-50.249,-13.309
52,LEU,388,H,A,17.652,-50.119,-9.994
52,LEU,389,HA,A,19.554,-50.859,-11.792
53,SER,399,N,A,16.959,-49.789,-13.64
53,SER,400,CA,A,16.799,-49.147,-14.952
53,SER,401,C,A,17.644,-47.862,-14.992
53,SER,405,H,A,16.206,-49.798,-13.016
53,SER,406,HA,A,17.083,-49.777,-15.785
54,LEU,410,N,A,17.723,-47.22,-13.829
54,LEU,411,CA,A,18.441,-45.938,-13.754
54,LEU,412,C,A,19.777,-46.094,-14.462
54,LEU,418,H,A,17.137,-47.608,-13.146
54,LEU,419,HA,A,17.856,-45.228,-14.309
55,LEU,429,N,A,20.447,-47.219,-14.212
55,LEU,430,CA,A,21.748,-47.455,-14.821
55,LEU,431,C,A,21.595,-47.428,-16.341
55,LEU,437,H,A,20.085,-47.859,-13.565
55,LEU,438,HA,A,22.411,-46.667,-14.495
