residue_number,residue_name,atom_number,atom_name,chain_id,x_coord,y_coord,z_coord
58,THR,862,N,A,-4.748,-0.843,-2.739
58,THR,863,CA,A,-4.189,0.277,-3.314
58,THR,864,C,A,-3.218,0.855,-2.294
58,THR,870,HA,A,-3.694,0.027,-4.239
59,VAL,876,N,A,-2.013,1.067,-2.704
59,VAL,877,CA,A,-1.011,1.585,-1.823
59,VAL,878,C,A,-0.566,2.957,-2.287
59,VAL,883,H,A,-1.783,0.878,-3.64
59,VAL,884,HA,A,-1.457,1.681,-0.845
60,LYS,892,N,A,-0.504,3.873,-1.374
60,LYS,893,CA,A,0.013,5.172,-1.652
60,LYS,894,C,A,1.268,5.336,-0.836
60,LYS,901,H,A,-0.809,3.661,-0.462
60,LYS,902,HA,A,0.279,5.198,-2.698
61,PHE,914,N,A,2.327,5.69,-1.483
61,PHE,915,CA,A,3.607,5.827,-0.824
61,PHE,916,C,A,3.774,7.219,-0.291
61,PHE,925,H,A,2.236,5.887,-2.442
61,PHE,926,HA,A,3.658,5.117,-0.013
62,ALA,934,N,A,4.861,7.427,0.448
62,ALA,935,CA,A,5.248,8.753,0.953
62,ALA,936,C,A,5.642,9.658,-0.219
62,ALA,939,H,A,5.405,6.652,0.702
62,ALA,940,HA,A,4.393,9.176,1.461
63,ASP,944,N,A,5.762,9.032,-1.376
63,ASP,945,CA,A,6.064,9.682,-2.636
63,ASP,946,C,A,4.799,10.352,-3.208
63,ASP,952,H,A,5.624,8.063,-1.359
63,ASP,953,HA,A,6.837,10.419,-2.478
