residue_number,residue_name,atom_number,atom_name,chain_id,x_coord,y_coord,z_coord
99,ARG,282,N,A,60.13,6.985,-13.385
99,ARG,283,CA,A,61.577,7.196,-13.297
99,ARG,284,C,A,61.765,8.583,-12.715
99,ARG,294,HA,A,62.028,6.457,-12.632
100,HIS,306,N,A,62.448,8.666,-11.588
100,HIS,307,CA,A,62.67,9.923,-10.881
100,HIS,308,C,A,63.858,9.651,-9.976
100,HIS,316,H,A,62.838,7.833,-11.164
100,HIS,317,HA,A,62.903,10.727,-11.58
101,MET,323,N,A,64.343,10.668,-9.281
101,MET,324,CA,A,65.42,10.505,-8.31
101,MET,325,C,A,65.293,11.588,-7.242
101,MET,331,H,A,63.945,11.6,-9.391
101,MET,332,HA,A,65.331,9.529,-7.832
102,LEU,340,N,A,65.817,11.306,-6.06
102,LEU,341,CA,A,65.756,12.222,-4.929
102,LEU,342,C,A,67.114,12.89,-4.695
102,LEU,348,H,A,66.262,10.397,-5.91
102,LEU,349,HA,A,65.006,12.984,-5.126
103,LEU,359,N,A,67.126,14.209,-4.573
103,LEU,360,CA,A,68.355,14.95,-4.255
103,LEU,361,C,A,68.179,15.688,-2.949
103,LEU,367,H,A,66.253,14.726,-4.66
103,LEU,368,HA,A,69.187,14.256,-4.144
104,THR,378,N,A,69.249,15.796,-2.177
104,THR,379,CA,A,69.21,16.497,-0.897
104,THR,380,C,A,69.775,17.902,-1.071
104,THR,385,H,A,70.14,15.397,-2.482
104,THR,386,HA,A,68.179,16.566,-0.556
105,VAL,392,N,A,69.15,18.875,-0.434
105,VAL,393,CA,A,69.57,20.267,-0.523
105,VAL,394,C,A,69.795,20.781,0.892
105,VAL,399,H,A,68.336,18.661,0.144
105,VAL,400,HA,A,70.491,20.345,-1.095
106,TYR,408,N,A,70.915,21.449,1.123
106,TYR,409,CA,A,71.205,22.058,2.42
106,TYR,410,C,A,71.384,23.563,2.214
106,TYR,420,H,A,71.598,21.564,0.376
106,TYR,421,HA,A,70.367,21.89,3.094
107,CYS,429,N,A,70.447,24.352,2.707
107,CYS,430,CA,A,70.494,25.801,2.545
107,CYS,431,C,A,71.041,26.443,3.807
107,CYS,435,H,A,69.677,23.956,3.245
107,CYS,436,HA,A,71.145,26.052,1.711
108,VAL,440,N,A,72.07,27.26,3.656
108,VAL,441,CA,A,72.738,27.891,4.789
108,VAL,442,C,A,72.562,29.404,4.775
108,VAL,447,H,A,72.443,27.433,2.725
108,VAL,448,HA,A,72.31,27.502,5.708
109,ARG,456,N,A,72.118,29.934,5.908
109,ARG,457,CA,A,72.091,31.37,6.153
109,ARG,458,C,A,73.014,31.575,7.334
109,ARG,467,H,A,71.873,29.326,6.679
109,ARG,468,HA,A,72.469,31.914,5.286
110,ARG,480,N,A,73.781,32.659,7.328
110,ARG,481,CA,A,74.691,32.971,8.444
110,ARG,482,C,A,73.913,33.323,9.717
110,ARG,491,H,A,73.753,33.288,6.54
110,ARG,492,HA,A,75.297,32.088,8.648
111,ASP,504,N,A,72.612,33.469,9.545
111,ASP,505,CA,A,71.671,33.839,10.597
111,ASP,506,C,A,71.171,32.603,11.377
111,ASP,512,H,A,72.229,33.316,8.634
111,ASP,513,HA,A,72.146,34.539,11.285
112,LEU,516,N,A,71.84,31.468,11.164
112,LEU,517,CA,A,71.502,30.165,11.787
112,LEU,518,C,A,70.075,29.707,11.478
112,LEU,524,H,A,72.627,31.482,10.534
112,LEU,525,HA,A,72.172,29.419,11.36
113,SER,535,N,A,69.555,30.188,10.362
113,SER,536,CA,A,68.23,29.816,9.866
113,SER,537,C,A,68.373,28.72,8.823
113,SER,541,H,A,70.092,30.84,9.821
113,SER,542,HA,A,67.624,29.444,10.694
114,GLU,546,N,A,69.459,27.977,8.931
114,GLU,547,CA,A,69.814,26.982,7.932
114,GLU,548,C,A,68.87,25.784,8.032
114,GLU,555,H,A,70.051,28.076,9.737
114,GLU,556,HA,A,69.703,27.421,6.941
115,VAL,561,N,A,68.625,25.149,6.896
115,VAL,562,CA,A,67.617,24.099,6.792
115,VAL,563,C,A,68.071,23.121,5.717
115,VAL,568,H,A,69.122,25.417,6.049
115,VAL,569,HA,A,67.545,23.575,7.744
116,THR,577,N,A,67.637,21.876,5.81
116,THR,578,CA,A,67.94,20.892,4.786
116,THR,579,C,A,66.664,20.121,4.497
116,THR,584,H,A,67.028,21.601,6.567
116,THR,585,HA,A,68.226,21.416,3.879
117,PHE,591,N,A,66.509,19.711,3.251
117,PHE,592,CA,A,65.309,19.034,2.78
117,PHE,593,C,A,65.727,18.239,1.558
117,PHE,602,H,A,67.252,19.88,2.569
117,PHE,603,HA,A,64.937,18.357,3.545
118,SER,611,N,A,64.809,17.488,0.972
118,SER,612,CA,A,65.107,16.723,-0.232
118,SER,613,C,A,64.008,16.967,-1.251
118,SER,617,H,A,63.862,17.476,1.316
118,SER,618,HA,A,66.045,17.072,-0.656
119,LEU,622,N,A,64.339,16.795,-2.521
119,LEU,623,CA,A,63.426,17.081,-3.622
119,LEU,624,C,A,63.4,15.948,-4.624
119,LEU,630,H,A,65.28,16.477,-2.753
119,LEU,631,HA,A,62.42,17.235,-3.237
120,GLN,641,N,A,62.227,15.712,-5.19
120,GLN,642,CA,A,62.054,14.709,-6.24
120,GLN,643,C,A,62.197,15.412,-7.575
120,GLN,650,H,A,61.437,16.285,-4.942
120,GLN,651,HA,A,62.825,13.941,-6.155
121,VAL,658,N,A,63.082,14.903,-8.414
121,VAL,659,CA,A,63.379,15.515,-9.708
121,VAL,660,C,A,63.571,14.434,-10.769
121,VAL,665,H,A,63.613,14.071,-8.146
121,VAL,666,HA,A,62.551,16.156,-10.008
122,ASP,674,N,A,63.556,14.838,-12.029
122,ASP,675,CA,A,63.858,13.929,-13.134
122,ASP,676,C,A,65.381,13.886,-13.273
122,ASP,682,H,A,63.401,15.808,-12.239
122,ASP,683,HA,A,63.479,12.932,-12.91
123,ALA,686,N,A,65.908,12.862,-13.921
123,ALA,687,CA,A,67.338,12.789,-14.181
123,ALA,688,C,A,67.76,13.944,-15.105
123,ALA,691,H,A,65.307,12.149,-14.304
123,ALA,692,HA,A,67.874,12.881,-13.242
124,ASP,696,N,A,66.92,14.259,-16.081
124,ASP,697,CA,A,67.251,15.275,-17.085
124,ASP,698,C,A,66.663,16.647,-16.737
124,ASP,704,H,A,66.026,13.766,-16.168
124,ASP,705,HA,A,68.333,15.37,-17.117
125,PHE,708,N,A,66.284,16.812,-15.479
125,PHE,709,CA,A,65.74,18.077,-14.984
125,PHE,710,C,A,66.814,19.159,-15.118
125,PHE,719,H,A,66.397,16.05,-14.823
125,PHE,720,HA,A,64.858,18.346,-15.562
126,GLU,728,N,A,66.438,20.349,-15.566
126,GLU,729,CA,A,67.403,21.444,-15.694
126,GLU,730,C,A,67.889,21.878,-14.321
126,GLU,737,H,A,65.479,20.515,-15.817
126,GLU,738,HA,A,68.253,21.122,-16.298
127,LEU,743,N,A,69.142,22.306,-14.239
127,LEU,744,CA,A,69.65,22.95,-13.028
127,LEU,745,C,A,68.851,24.237,-12.818
127,LEU,751,H,A,69.767,22.219,-15.041
127,LEU,752,HA,A,69.495,22.284,-12.18
128,HIS,762,N,A,68.455,24.854,-13.923
128,HIS,763,CA,A,67.616,26.05,-13.901
128,HIS,764,C,A,66.298,25.834,-13.162
128,HIS,772,H,A,68.735,24.484,-14.825
128,HIS,773,HA,A,68.162,26.855,-13.413
129,ASN,779,N,A,65.686,24.682,-13.373
129,ASN,780,CA,A,64.426,24.358,-12.718
129,ASN,781,C,A,64.694,23.874,-11.285
129,ASN,787,H,A,66.099,23.997,-13.991
129,ASN,788,HA,A,63.811,25.257,-12.674
130,PHE,793,N,A,65.767,23.118,-11.107
130,PHE,794,CA,A,66.129,22.604,-9.786
130,PHE,795,C,A,66.397,23.727,-8.788
130,PHE,804,H,A,66.347,22.862,-11.903
130,PHE,805,HA,A,65.298,22.01,-9.407
131,ARG,813,N,A,67.134,24.754,-9.196
131,ARG,814,CA,A,67.389,25.891,-8.303
131,ARG,815,C,A,66.089,26.639,-7.994
131,ARG,824,H,A,67.536,24.755,-10.134
131,ARG,825,HA,A,67.755,25.488,-7.357
132,ALA,837,N,A,65.121,26.597,-8.903
132,ALA,838,CA,A,63.829,27.24,-8.665
132,ALA,839,C,A,63.051,26.447,-7.607
132,ALA,842,H,A,65.252,26.087,-9.763
132,ALA,843,HA,A,64.001,28.247,-8.282
133,LEU,847,N,A,63.139,25.125,-7.652
133,LEU,848,CA,A,62.508,24.302,-6.615
133,LEU,849,C,A,63.193,24.537,-5.264
133,LEU,855,H,A,63.642,24.668,-8.413
133,LEU,856,HA,A,61.461,24.591,-6.522
134,CYS,866,N,A,64.508,24.714,-5.278
134,CYS,867,CA,A,65.25,24.993,-4.046
134,CYS,868,C,A,64.795,26.327,-3.449
134,CYS,872,H,A,65.015,24.652,-6.152
134,CYS,873,HA,A,65.049,24.201,-3.322
135,GLU,877,N,A,64.592,27.314,-4.31
135,GLU,878,CA,A,64.111,28.638,-3.903
135,GLU,879,C,A,62.723,28.518,-3.265
135,GLU,886,H,A,64.764,27.158,-5.296
135,GLU,887,HA,A,64.795,29.068,-3.171
136,LEU,892,N,A,61.862,27.729,-3.893
136,LEU,893,CA,A,60.492,27.532,-3.424
136,LEU,894,C,A,60.431,26.902,-2.034
136,LEU,900,H,A,62.145,27.262,-4.749
136,LEU,901,HA,A,60.001,28.504,-3.377
137,GLU,911,N,A,61.132,25.793,-1.845
137,GLU,912,CA,A,61.088,25.077,-0.567
137,GLU,913,C,A,61.827,25.829,0.537
137,GLU,920,H,A,61.674,25.397,-2.608
137,GLU,921,HA,A,60.047,24.955,-0.264
138,SER,926,N,A,62.914,26.501,0.183
138,SER,927,CA,A,63.728,27.183,1.188
138,SER,928,C,A,63.184,28.56,1.556
138,SER,932,H,A,63.213,26.514,-0.788
138,SER,933,HA,A,63.734,26.571,2.09
