residue_number,residue_name,atom_number,atom_name,chain_id,x_coord,y_coord,z_coord
64,ASP,618,N,A,-21.915,27.459,-22.729
64,ASP,619,CA,A,-21.993,26.06,-23.132
64,ASP,620,C,A,-22.333,25.169,-21.941
64,ASP,627,HA,A,-22.777,25.97,-23.869
65,LEU,630,N,A,-23.273,24.253,-22.144
65,LEU,631,CA,A,-23.692,23.339,-21.087
65,LEU,632,C,A,-22.662,22.232,-20.885
65,LEU,638,H,A,-23.696,24.188,-23.025
65,LEU,639,HA,A,-23.776,23.907,-20.172
66,LEU,649,N,A,-22.334,21.958,-19.627
66,LEU,650,CA,A,-21.364,20.92,-19.298
66,LEU,651,C,A,-22.063,19.657,-18.804
66,LEU,657,H,A,-22.755,22.465,-18.902
66,LEU,658,HA,A,-20.813,20.684,-20.196
67,THR,668,N,A,-22.598,18.879,-19.74
67,THR,669,CA,A,-23.293,17.644,-19.401
67,THR,670,C,A,-22.334,16.459,-19.388
67,THR,675,H,A,-22.523,19.144,-20.68
67,THR,676,HA,A,-23.719,17.76,-18.415
68,ALA,682,N,A,-21.039,16.752,-19.336
68,ALA,683,CA,A,-20.02,15.71,-19.315
68,ALA,684,C,A,-18.719,16.227,-18.71
68,ALA,687,H,A,-20.762,17.692,-19.308
68,ALA,688,HA,A,-20.388,14.895,-18.709
69,LEU,692,N,A,-18.081,15.396,-17.894
69,LEU,693,CA,A,-16.826,15.769,-17.25
69,LEU,694,C,A,-15.668,15.719,-18.242
69,LEU,700,H,A,-18.461,14.51,-17.719
69,LEU,701,HA,A,-16.928,16.78,-16.886
70,TYR,711,N,A,-14.647,16.531,-17.993
70,TYR,712,CA,A,-13.479,16.579,-18.865
70,TYR,713,C,A,-12.21,16.226,-18.095
70,TYR,723,H,A,-14.68,17.113,-17.206
70,TYR,724,HA,A,-13.623,15.854,-19.652
71,PHE,732,N,A,-11.592,15.11,-18.467
71,PHE,733,CA,A,-10.369,14.659,-17.813
71,PHE,734,C,A,-9.18,14.744,-18.765
71,PHE,743,H,A,-11.967,14.577,-19.199
71,PHE,744,HA,A,-10.187,15.307,-16.97
72,ILE,752,N,A,-8.126,15.425,-18.327
72,ILE,753,CA,A,-6.926,15.58,-19.139
72,ILE,754,C,A,-5.98,14.398,-18.953
72,ILE,760,H,A,-8.157,15.832,-17.436
72,ILE,761,HA,A,-7.229,15.625,-20.175
73,SER,771,N,A,-5.392,13.939,-20.053
73,SER,772,CA,A,-4.467,12.813,-20.012
73,SER,773,C,A,-3.042,13.289,-19.743
73,SER,777,H,A,-5.587,14.367,-20.913
73,SER,778,HA,A,-4.773,12.161,-19.208
74,ARG,782,N,A,-2.7,14.45,-20.292
74,ARG,783,CA,A,-1.368,15.017,-20.113
74,ARG,784,C,A,-1.269,16.39,-20.77
74,ARG,793,H,A,-3.358,14.937,-20.831
74,ARG,794,HA,A,-1.193,15.124,-19.053
